   1.8886360e+00	   1.7942760e+00	
   2.1396280e+00	   2.0553480e+00	
   2.3911180e+00	   2.3169380e+00	
   2.6426080e+00	   2.5785280e+00	
   1.2780860e+00	   1.2151010e+00	
   1.9907540e+00	   1.9650450e+00	
   2.9210360e+00	   2.9394090e+00	
   1.3280260e+00	   1.3714710e+00	
   2.9232300e+00	   3.1057700e+00	
   1.5055020e+00	   1.5034020e+00	
   2.0664600e+00	   2.1630200e+00	
   1.2621840e+00	   1.3009170e+00	
   1.5734260e+00	   1.7273420e+00	
   2.0220360e+00	   2.1885240e+00	
   1.9712020e+00	   2.1337560e+00	
   2.5216960e+00	   2.7123440e+00	
   3.2546680e+00	   3.4604010e+00	
   3.7477800e+00	   3.9687630e+00	
   2.5799120e+00	   2.9893000e+00	
   2.8986520e+00	   3.3165600e+00	
   3.1422400e+00	   3.6979100e+00	
   3.2636580e+00	   3.7719460e+00	
   3.3801280e+00	   3.8749170e+00	
   3.4926680e+00	   4.0185240e+00	
   3.9011560e+00	   4.5696510e+00	
   4.5971260e+00	   5.5194920e+00	
   5.3252280e+00	   6.2807520e+00	
   5.3536800e+00	   6.3256190e+00	
